6436 298
9882 164
5630 304
7815 218
1787 239
9303 104
3784 113
2890 257
5592 315
6135 95
4660 152
6285 219
6497 172
8850 118
225 235
5391 135
905 97
613 203
2022 127
8512 161
3462 276
4896 330
4950 110
8402 151
161 242
3819 325
4847 286
1877 153
5751 251
6248 197
7575 328
4940 93
949 156
5378 159
6420 137
8890 189
7054 241
7311 101
9738 251
489 83
5608 163
1517 233
2050 165
3411 151
5160 115
3266 307
2838 255
3526 114
8573 344
5231 220
1920 255
9942 157
8073 300
7756 250
9528 105
1046 221
247 101
1284 267
3991 126
8551 223
7227 200
4901 156
2614 281
635 154
5819 293
1462 109
210 203
6565 148
7003 230
457 94
3475 177
6126 264
1751 278
512 131
943 300
4846 210
513 82
4746 178
9752 259
8523 152
4915 133
9647 275
3930 229
8161 292
1373 173
5009 331
5145 99
1 256
3652 166
9975 159
362 288
2628 83
6799 146
2241 160
8289 265
8037 124
9281 280
3810 246
5282 161
1515 287
676 132
4353 293
6238 131
6068 210
7778 227
125 85
4284 193
6501 212
8720 220
3333 168
5580 164
765 277
8657 151
2056 321
5618 299
1857 220
7035 326
9216 271
7415 142
2534 315
1504 100
7172 318
9257 94
9720 288
5421 184
9427 291
4352 107
9021 124
9704 303
6709 187
4362 261
1654 313
4808 125
7843 225
7051 383
6683 230
8432 172
3752 250
6211 133
2683 185
9237 256
231 339
9113 267
3983 198
8415 212
1907 270
9332 261
8679 324
6242 312
255 85
7000 124
4510 259
3699 262
5956 241
7281 221
2214 260
6795 309
9168 146
1079 132
6463 135
8582 169
5986 262
8751 180
2120 266
6306 207
7544 194
7712 293
4409 117
6908 300
8789 227
8046 225
5835 334
3635 279
3833 93
7143 276
4724 163
8929 127
5612 128
7436 114
9920 182
3586 278
7659 164
2063 303
2118 288
3691 263
2781 117
7343 94
2813 286
974 203
3249 179
8178 169
7174 251
1747 208
4905 182
4251 121
2208 180
2548 367
4499 355
7179 298
4045 218
2733 244
1317 304
726 223
4667 284
3419 136
9570 290
4057 247
1967 83
7601 148
5578 88
6051 117
3448 242
8314 280
1974 336
5911 330
5735 332
6214 219
7099 98
2164 197
8539 260
7923 96
1811 110
9815 288
1361 310
9879 159
278 183
4811 269
8272 101
183 166
3758 288
3320 226
722 155
1394 219
8491 325
2043 224
658 271
3124 165
9841 160
5474 237
1758 299
8934 139
2497 298
8477 182
6163 137
5648 224
5321 139
4274 188
7254 244
8296 100
3757 115
472 220
5400 212
4143 317
8605 147
2215 273
8752 276
5440 118
4760 237
1606 236
2871 106
8559 234
5203 149
4153 164
4517 127
5843 116
2479 122
1796 99
1550 79
8580 130
2937 161
2432 234
5146 169
6910 153
8481 209
9292 147
9849 226
3310 138
1524 88
3890 265
9779 191
9450 181
1306 111
4293 210
5597 173
3873 289
471 349
5682 155
6583 189
2617 225
6607 186
739 322
8370 210
8354 314
5188 82
7126 177
5202 174
3524 209
5928 89
8053 360
928 323
8615 183
3409 310
5702 269
4685 302
8140 373
790 174
5581 103
9468 200
2035 172
601 209
1161 161
9855 295
6963 90
7879 230
4875 326
6686 331
7194 185
8991 112
510 205
9950 167
8813 197
503 281
5756 229
6615 166
7373 78
7895 160
675 208
8556 80
9819 193
5107 271
7224 171
5239 330
667 262
5882 275
3319 196
1673 152
755 262
189 375
881 195
2280 286
4577 238
1521 184
5522 118
7428 187
3345 293
4505 201
3454 324
615 274
3335 206
5161 307
8422 163
5791 225
6109 281
3103 179
1045 261
5684 180
966 215
2000 87
2517 292
6814 255
9422 130
1183 231
5158 140
2288 270
514 168
7512 249
6757 120
688 184
7859 280
7970 319
9164 359
2763 295
1775 139
9229 121
9664 276
7691 248
5430 233
3061 112
6026 116
1822 189
1860 187
5155 149
5989 357
9494 104
8561 122
9826 198
6566 140
9637 178
2503 89
8175 258
7766 245
3837 253
3304 367
917 119
5800 183
3415 280
5382 131
5142 287
2331 268
7525 94
4840 84
8640 209
2135 172
6966 339
4422 137
9760 132
8581 338
3308 279
9320 357
639 217
408 175
4873 207
4276 151
9901 347
6805 110
2855 85
3435 88
3947 135
9432 160
1864 284
7056 188
7219 158
7696 108
3380 220
6202 273
862 194
7427 126
9995 364
6698 86
4722 101
7153 216
691 147
1311 233
6900 99
6859 219
5692 195
5927 196
4104 168
3408 134
8189 172
5885 329
9843 289
5691 335
6456 256
9656 222
7647 338
85 132
799 153
825 84
4701 305
2711 289
4793 189
3556 290
7521 373
1143 315
2686 239
2451 73
5863 151
8055 331
4298 213
5166 304
101 324
1146 243
9101 165
896 216
2522 297
6920 136
3552 291
2983 278
9884 144
9193 137
2236 216
5606 293
4877 133
2987 131
326 231
6323 274
9852 217
3795 102
1395 221
6756 155
7103 151
8676 283
1802 320
806 233
3977 183
7387 182
2840 332
6925 134
8958 225
7170 130
1733 98
4403 97
2784 303
4521 169
1118 331
5972 168
2636 129
3707 278
4559 302
2651 178
1829 235
4605 270
5322 193
2374 159
265 182
4306 189
6668 80
8690 117
1491 229
6232 299
4330 174
9847 254
8058 153
2251 155
8592 221
748 164
3579 132
9576 317
9189 343
6599 250
5234 254
4384 325
4139 282
7967 176
2624 250
1280 99
7837 254
2971 269
1997 258
2892 218
2476 125
2544 115
6250 94
3252 257
5572 139
4429 244
3481 304
333 211
6240 186
9823 256
7023 182
9788 343
5059 271
8492 302
8191 100
2110 147
6958 302
5704 206
6325 287
7022 247
3897 281
4302 222
1100 279
5169 237
6712 322
1035 355
7134 290
3214 133
2220 123
7803 221
837 231
2007 278
1698 117
8497 270
6350 130
9614 220
731 252
7085 195
1516 331
6631 265
243 118
2278 150
1536 197
7974 211
7324 138
7871 153
442 241
3286 240
1970 127
6299 132
9495 126
6301 361
340 250
1105 185
9056 121
993 298
1884 288
3561 90
1530 208
5727 170
2351 294
3745 152
7114 261
927 351
8347 352
7493 312
1909 326
5585 156
6207 295
4226 141
8004 186
6922 177
8336 207
1989 86
8334 207
9571 319
6598 197
5054 242
4687 83
4086 293
132 93
4866 131
4180 207
4698 255
3390 277
1388 219
9539 134
3105 114
3894 271
8956 348
8759 206
9260 218
4590 147
7086 174
4334 325
3541 290
307 131
6637 281
7444 303
7920 194
3840 217
7519 345
4843 282
280 170
1918 258
7208 266
9962 121
5617 257
95 262
8309 232
3060 269
5227 120
5352 294
3912 311
6352 107
876 132
7872 120
8854 332
9128 234
650 85
1562 233
8921 89
4391 260
8994 227
6326 224
13 163
7288 166
2141 323
7048 300
2436 332
8369 173
6823 151
4078 185
8025 280
2395 117
5705 307
2988 322
7119 112
3351 289
1767 336
5651 228
8627 136
3578 233
9982 114
1193 241
468 360
397 307
1279 196
8712 247
3528 257
6898 166
9033 263
2099 155
2783 85
6787 74
3678 123
8325 115
4347 157
1126 107
4212 275
8793 121
9866 89
7520 309
2157 293
6157 164
3120 320
3347 153
5858 242
4927 154
2647 229
4204 152
8253 154
9711 92
1221 126
9522 317
1636 215
4385 96
9771 340
6431 274
2177 229
1047 293
8747 83
2128 233
4618 181
8884 174
1740 177
5760 190
7982 305
3197 235
9464 263
5960 153
3418 293
1760 133
2194 127
526 179
6496 289
7877 287
7259 149
524 85
9212 223
99 296
5725 284
8517 252
5855 214
2774 225
2289 223
6869 178
1459 256
8538 276
8588 132
9200 187
8184 324
3210 218
8836 199
2260 305
6333 230
5302 123
7658 133
8671 217
6256 180
4264 241
218 289
7632 203
6485 177
9636 264
1564 107
73 340
5559 125
1191 77
3993 240
9572 295
1225 351
5207 134
5217 185
1842 239
2302 207
9965 231
3338 281
7655 135
9240 267
2204 142
580 120
1363 298
4453 241
9718 176
7246 228
4363 234
121 284
5695 152
371 119
1320 283
9309 89
3084 93
6028 340
2546 206
4397 242
969 154
5506 251
1268 213
4557 238
5408 240
812 110
3896 146
1591 83
2523 101
3969 258
1507 206
8162 317
4945 129
9583 157
2893 304
4405 159
4464 268
8352 187
3831 167
705 195
3452 231
7440 219
48 106
5945 376
9123 164
5466 350
5064 164
4897 175
7571 244
9931 231
4018 332
9501 228
7238 250
463 178
1613 244
3040 156
4969 279
7929 183
9861 288
2802 205
6046 126
7751 246
2255 239
979 178
1096 304
668 138
1828 102
7067 331
200 318
3138 235
9786 217
356 197
7410 148
2311 231
2496 251
230 147
1444 90
680 214
5698 209
4996 299
361 224
8098 290
4699 283
2484 156
1938 324
5758 172
1078 351
9283 184
7141 216
6013 287
6561 236
9104 213
7734 117
1994 205
4167 154
1265 91
7379 242
5836 267
1620 194
6851 147
567 117
8606 168
4522 105
2646 226
918 273
3999 173
2996 129
3590 196
2705 127
3773 197
2377 278
8951 310
4368 218
8943 113
2857 330
2366 129
1137 153
2373 179
7211 278
3821 164
5423 206
8853 122
8569 159
4210 82
4580 285
7402 194
7584 274
9904 79
679 147
5170 288
1848 267
2766 82
6340 112
5587 184
8293 112
648 114
9862 331
1630 124
4520 122
5722 125
6267 256
5045 128
2231 211
7079 98
5219 90
8199 273
4889 186
1785 319
6691 83
5472 117
5399 122
3225 228
2507 224
6743 304
147 287
5290 266
5195 268
5086 337
3573 213
1577 271
9521 229
3907 260
1014 86
4787 91
2618 103
7123 254
2493 109
127 162
1535 211
8662 110
1156 318
3316 331
8307 164
2387 143
602 299
3611 191
3102 197
3343 274
7961 103
5332 144
3909 131
2470 150
4833 216
5979 178
3727 154
2085 145
583 104
2088 350
3396 160
8376 272
3143 215
3802 269
5238 131
9347 104
3455 316
3127 235
8982 283
7896 213
256 288
1270 241
6732 293
1752 343
3955 135
7925 112
401 231
2276 320
5515 119
8998 272
5071 109
238 220
5864 124
9108 221
6737 358
5574 217
8125 229
1793 109
1947 263
3544 117
1371 264
3055 129
4213 321
8531 127
5218 90
1109 277
4706 335
8436 195
322 229
6115 148
1040 165
7625 144
7729 95
1236 122
4924 146
